574428
258461
70383
268378
216684
216695
171534
272723
216643
261795
268384
210078
261764
210081
18673
216698
208958
14257
268371
216657
216647
216671
111053
19789
261765
216686
58210
214407
27419
76901
112165
71489
12029
210077
258493
268385
70310
104458
320016
216609
261757
67020
70382
216663
261783
261770
20851
17543
215592
258494
112130
216683
216676
109962
261776
261794
50529
107732
216620
171535
216600
212241
16407
21927
210079
74752
140721
84653
216603
52789
58251
261756
76972
261746
67030
261789
216624
216637
215532
171538
21944
212227
216614
26397
208987
68191
210099
216693
75828
15384
261779
104462
216616
13168
216640
75870
216655
71453
210046
268382
216678
268375
210004
73679
16480
56012
52790
216690
216632
71495
216653
69215
109934
215534
261753
13169
261758
261793
261784
20892
261799
216654
216664
52702
68106
18626
280409
216641
216679
216659
261785
19739
268380
216662
268388
210063
261766
52704
261798
216687
20848
212209
111058
26398
215585
208939
52700
194692
261792
27404
18618
216666
216692
261759
268392
261787
280486
216618
216642
216607
53859
83560
261763
215512
53897
212207
216691
73635
216682
16470
261762
212221
171539
171541
210074
258407
268399
72594
80280
261772
210086
108838
216629
216625
69297
68107
20868
76993
258459
17534
353047
53860
216639
12006
56089
104464
216680
216649
216650
21973
109945
268376
216635
140723
261775
52715
70317
216604
261744
70325
261748
20850
261774
215511
261761
216665
112125
261742
214414
216661
216670
258435
210098
216619
67036
212231
268372
320062
258462
56013
111050
261773
171533
112198
19719
268393
261752
26399
104470
216611
112115
216644
69221
258421
268397
171536
216622
270584
216688
109944
14252
261745
216673
262836
216669
216645
268374
215593
268383
280410
20856
216674
108803
112138
208923
18612
68127
216631
261796
104486
216660
261788
214406
261767
15366
15374
261781
268386
30794
261771
320027
68164
215589
268381
70357
214437
280408
72547
262835
14233
216697
258463
258460
216696
71452
216606
78042
216681
216610
58222
216626
208990
104479
212210
56077
261797
76957
210075
261786
70385
216699
216675
261790
215533
216617
320040
216612
194664
70393
114353
16416
210084
68145
72503
261743
216656
21975
258406
216672
171537
67098
261777
216634
216667
261760
261778
108801
52784
112187
216608
216601
216648
268379
215587
261747
212222
210029
20877
112148
268373
16400
216630
216627
21921
170472
210073
216651
258465
261769
216658
16428
261782
216605
261780
109931
258495
216638
261750
109973
214408
268370
216668
216694
261755
212206
64821
112117
75834
261768
215563
210080
261751
223263
60441
216677
13195
216613
14230
258464
268389
52776
17523
52712
268395
16499
268391
261754
208918
171532
104457
171540
53892
212212
52711
210066
56095
208993
18643
73634
12009
216646
261791
245240
18604
142984
216652
216685
261749
212243
268390
207800
212208
216602
268396
208933
72508
140798
14248
261741
258408
70355
216628
216615
104447
268369
140703
268387
320013
320044
13056
208889
52697
216593
277017
216568
62511
62548
216545
216556
258343
546504
216504
212179
546514
216559
212176
62546
72469
277024
277004
216518
319947
62533
216532
546508
114263
277008
216547
216576
214315
62525
97719
68067
277019
62514
214357
19696
546500
216584
216561
52670
214398
216571
264913
216572
546507
68044
214350
74637
216524
62510
216544
216537
76892
52626
71316
53703
16375
62544
207723
277001
211034
277029
277018
546512
264904
62551
212174
53755
97737
214391
62550
52629
21842
216563
264900
97736
277006
15254
62542
214320
97730
97735
216564
546505
264905
62545
76835
62522
277020
216554
216562
18559
14149
70207
546506
62520
112040
546516
97708
214340
264914
19628
216516
258373
62523
264909
207777
216539
52653
55963
264911
73536
195671
264916
277011
16362
216583
107620
52627
216551
71388
216514
62515
212170
15218
277027
109874
262700
62530
75706
264907
66910
216515
62518
216525
62524
77924
216590
264922
114235
52634
112069
277013
216575
69183
97723
277041
216599
277043
216566
212156
97715
24052
546515
212197
216523
112075
97748
214354
24082
216548
108720
20742
20747
277023
277031
214364
277037
216527
216553
212196
62540
11927
62553
24083
216573
216550
74675
216503
277042
83429
52632
216585
62512
277028
216552
216543
104318
211035
14166
216586
72464
319922
264910
97713
68087
58172
216587
114230
211014
69186
286941
114262
69109
277014
212195
55978
76815
21801
97727
55943
277026
216541
21833
216511
252868
66983
17449
77993
546503
262798
258344
62534
76884
264912
70218
216591
76874
97703
264906
216580
216526
216598
112018
212169
62537
19674
214356
216522
216531
264902
546510
15268
216595
264920
277003
207713
216570
214355
546501
97752
211007
277030
277033
21840
62528
62513
15223
112067
110953
