76096375
45597451
38649232
25092609
22218336
22094119
13624297
74223446
74188686
74188653
74188633
74188584
74188519
74188517
74188487
74184809
74184785
74184763
74184759
74184727
74184721
74184676
74184648
74184595
74184580
74184545
74181194
74181174
74181170
74181151
74181135
74181123
74181091
74181052
74181043
74181018
74181014
74180999
74180997
74180995
74180987
74180985
74180977
74180975
74180973
74180971
74180967
74180965
74180962
74150979
74142919
74142119
74141800
74140522
74138051
63025208
40549395
71274138
71143102
46519149
28077105
34849874
67189167
15451840
9790177
7657353
6755895
6754874
6753084
6678277
6677875
6677795
6671523
31982227
73921193
73921192
73921191
73920236
73622072
71153484
71152969
71151989
68565903
68052763
61212971
60391852
57015300
57013084
56748701
52138540
51701319
48428565
45476961
44888269
41688532
40287880
38372255
34098761
32469708
32469672
23618914
22096212
20139164
20137951
13431676
6165982
33468967
12963485
10946830
73620907
73620902
73619523
71151983
68565901
61215307
56404937
56404892
56404690
51701850
51701808
51315849
50400862
50400728
48428647
47117264
46395659
33990004
33301327
31982749
24418363
20139107
14548121
12644454
8928391
6755410
5921454
3024204
2506381
2494294
1352730
1168457
547968
71834683
6679731
50593518
47059089
46399202
7656873
62177117
50363232
26006853
25121950
25121948
22129770
7106435
6755062
71274170
66570894
51262103
71143152
51702166
47606064
33598964
29336026
6679096
23346601
20137006
70995287
66955862
61742810
66474493
68342456
49175357
32469704
66794619
6678491
34852027
23956114
50233838
33469071
6753228
6679062
6678834
1717793
64425110
63752874
63751601
63748766
63744440
63725977
63723581
63712148
63704754
63697709
63697497
63680429
63664138
63664018
63663885
63660813
63635378
63634955
63629998
63622250
63622181
63615219
63613637
63607133
63592929
63589703
63589599
63586460
63578725
63572606
63572036
63561942
63561908
63561846
63561837
63561757
63558797
63557340
63556656
63541985
63541902
63518317
63517433
63516075
63515900
63514564
63512977
63511486
63501837
63501085
63492591
63492576
63492438
63489795
63489780
63489759
63487847
63486969
63481296
63477553
63476017
63475906
63474351
63474256
63474157
62244123
56606047
51830906
51829910
51829863
51829227
51829019
51828554
51772243
51772063
51771463
51766398
51765915
51765800
51765025
51764783
51764124
51763990
51763928
51762875
51761955
51711955
51711896
51711413
51706550
51706358
51705090
51704830
38091413
38085340
38083472
38074212
6754478
11225270
57977295
62241030
27370140
62543571
62510074
62243857
64425141
63755053
63754496
63754017
63753103
63738313
63713489
63712208
63694285
63664104
63650142
63607086
63572147
63556659
63531089
63527507
63517428
63501154
63486966
63108252
62948137
58430433
28461143
56748886
32469712
32469710
28380084
23396806
22653659
21431830
14548038
14195015
9297076
8134565
6685475
2506246
133327
54769
58865143
58865114
56800435
46309834
1915909
1666092
587484
483581
311817
50715
58864956
58864911
58864908
58864905
58864815
56800269
56800176
56800163
56800097
56206255
56206252
56206251
56206250
56206173
56205924
56205923
56205922
56205859
56205560
56205559
29290612
29290611
11342595
58037103
57164407
56699427
54607128
52138536
51592067
51230692
51230429
51100966
51093867
50657347
50355943
50300486
46575920
46402235
46369471
40556272
40254254
40018610
39979624
39204553
37718970
37704389
37620161
37620153
34328130
33859839
33469037
33469025
33468923
33468490
31559809
29788770
28849901
28804249
27883856
27413155
26006473
23510305
22507359
20339001
20338999
18859641
17978023
17976802
16754836
15808996
15706268
15431279
14547893
14270509
14161694
13994207
13626028
9910308
9910176
9624973
9506909
9055314
7657566
7305295
6996558
6782382
6755086
6754784
6754774
6753288
6681027
6680820
6679391
6679389
6678453
4210432
38505263
6679098
38259208
54112418
39930423
51039714
32449692
29612427
28972648
18875344
23510297
13540494
11360370
1083206
91806
11360353
11360345
11278368
11276935
11276934
11276932
11256392
7513728
7513588
7513587
7513586
2137646
2137645
2137644
1083485
543187
41946959
38565910
31753155
60360510
60360384
60360320
60360274
60360258
60359936
50510847
50510739
49022903
49022830
24430417
57157369
56405237
56238584
56238131
56237977
56237974
56237971
56237970
56237945
56237933
56237918
56207874
56207518
56207208
56206867
56206692
56206660
56206614
56206613
56205831
56205806
57242967
20070691
42741868
40557580
2497650
56237715
56207427
56207426
56207425
56207211
56206872
56237930
56207405
56104630
47498583
55930915
55827687
55735413
52221184
42412399
50370122
52789432
49904718
52139164
51890238
50927154
29436756
51259779
51243714
31419757
28374168
49523344
50510705
50510697
50510675
50510635
50510497
50510489
50510447
50510423
38173718
49900997
38614294
49904697
49523336
3941737
2564947
49257394
49257166
47124316
45768339
45219812
41059877
38649137
35193271
35193074
31566355
30851593
49066378
49066376
49066374
47847514
47847444
38036201
38174226
37805309
37194878
34783701
20385913
42768804
37360360
33638127
28801584
38037645
38194172
28394195
9954445
38564197
37360634
37360546
37360486
37360452
37360422
37359928
37359850
37359824
37359808
37675525
34101310
34101308
28972750
31414559
31335119
16508127
30023643
29650205
27464957
29500513
28972888
28972794
28972758
28972594
28972363
28972351
28972283
28972155
28972035
28610636
28200903
12655909
28415635
26006169
26006119
22830885
27436024
220610
25137573
25056328
24475410
23320672
23306485
23297191
17298098
22036198
22036196
17225415
17225413
17225411
17225409
17225407
17225405
17225403
17225401
17225399
17225397
17225395
17225393
17225391
17225387
17225385
17225383
17225381
17225379
20269374
19908462
11066998
18152812
17864717
5081553
17224416
13195147
14190529
14209836
14209834
11178676
6650678
14523046
14009344
14211383
14150461
13785811
11611825
13506797
12862392
12483917
11094397
11343830
10119914
10119912
9294961
8131903
7025382
7416032
4995703
1665757
1655434
1655432
7264653
7209584
7024453
4102929
464191
6671178
6467990
6002741
6505713
6288726
1666692
5833120
1945080
1945078
4754905
3273352
4454550
4426974
4426569
4336956
4200446
4098678
3219691
3426322
3599509
1710177
1675226
1675224
1675222
1568625
1401160
1276647
3170887
3168866
191772
3308984
3273405
2654025
192960
1469809
2145091
1714084
1666689
1236402
1093331
227523
710552
710550
710549
1293686
642252
1113865
691720
200794
191940
191624
191622
191620
191618
458668
