rs7247199 204938 243901 38963
rs895343 243940 244346 406
rs1077444 244671 252900 8229
rs4897943 255499 286055 30556
rs3816322 286946 291700 4754
rs8101528 292899 293617 718
rs4897853 295053 324897 29844
rs1549697 327008 327382 374
rs10414677 330003 445057 115054
rs758502 446600 446722 122
rs12982646 450978 570408 119430
rs10853990 570574 570913 339
rs2017580 574003 593955 19952
rs4919877 596780 597151 371
rs7249518 597900 598039 139
rs757331 598251 601931 3680
rs10426061 602343 603238 895
rs6510868 606608 607701 1093
rs3787004 608666 716374 107708
rs7247458 716568 717103 535
rs4536588 724437 733854 9417
rs8104701 735824 739074 3250
rs10412200 739101 740890 1789
rs351974 748079 791776 43697
rs2074639 791984 792398 414
rs351111 795020 797041 2021
rs4807931 797716 799798 2082
rs3761008 801023 810214 9191
rs1683563 812593 813912 1319
rs12985692 815120 816406 1286
rs10424211 816818 816835 17
rs1651895 817018 854120 37102
rs2965295 855528 857633 2105
rs10425660 858673 893660 34987
rs2238573 896013 896089 76
rs4806860 896710 911445 14735
rs12976079 911701 938571 26870
rs7249037 939136 939165 29
rs2285899 939175 956230 17055
rs739883 957768 957925 157
rs11085233 958353 959879 1526
rs13627 961022 963611 2589
rs970101 964021 1004524 40503
rs3752242 1004677 1005060 383
rs881768 1007065 1016677 9612
rs2242436 1016945 1017738 793
rs1801284 1019738 1046122 26384
rs10416031 1046151 1046336 185
rs1046040 1046514 1073147 26633
rs4807569 1074378 1074540 162
rs2024092 1075031 1121445 46414
rs873074 1125602 1126396 794
rs2019107 1132717 1134851 2134
rs8113513 1136546 1136924 378
rs9304882 1140482 1150815 10333
rs10411982 1151713 1158238 6525
rs3764641 1158280 1211286 53006
rs10414920 1213248 1213978 730
rs968698 1214299 1242818 28519
rs724421 1245199 1245819 620
rs10424501 1248502 1261136 12634
rs12975216 1261497 1261537 40
rs12104233 1261821 1287506 25685
rs10402248 1290058 1291060 1002
rs12327760 1292509 1299164 6655
rs7260486 1299184 1301581 2397
rs11670805 1302916 1315306 12390
rs2526133 1316608 1347161 30553
rs266810 1348082 1348207 125
rs3786974 1351866 1468292 116426
rs2656851 1469201 1469370 169
rs2332497 1471582 1491506 19924
rs1809978 1493522 1497180 3658
rs10405028 1497211 1501650 4439
rs10407104 1513643 1523369 9726
rs9585 1528117 1528208 91
rs2238591 1531189 1531334 145
rs4807934 1537217 1619161 81944
rs4807948 1624509 1624793 284
rs11084905 1626517 1640171 13654
rs8107350 1641895 1642725 830
rs11084906 1646176 1658375 12199
rs1024625 1658526 1660658 2132
rs2108894 1662400 1667865 5465
rs4807953 1671332 1674463 3131
rs7250547 1674570 1677233 2663
rs6510621 1679998 1686218 6220
rs17827916 1686402 1694329 7927
rs11666934 1695203 1695226 23
rs4807137 1696610 1703955 7345
rs10412454 1714776 1715143 367
rs4426464 1716297 1734794 18497
rs7248424 1735086 1735211 125
rs3764605 1735890 1747166 11276
rs10418344 1753433 1754582 1149
rs17604735 1758018 1759683 1665
rs10403288 1759863 1772637 12774
rs2289286 1773668 1777112 3444
rs2304616 1777164 1855612 78448
rs2028261 1858479 1859423 944
rs8105923 1860478 1876389 15911
rs8730 1876942 1876970 28
rs7259201 1877027 1944444 67417
rs11673577 1947312 1948363 1051
rs2074625 1948729 1957285 8556
rs4405674 1963477 1964203 726
rs11670188 1965037 1972909 7872
rs7257116 1979985 2000314 20329
rs3746101 2001823 2004994 3171
rs10416531 2008907 2009331 424
rs10404242 2010585 2010863 278
rs10414066 2012715 2049015 36300
rs11668205 2050250 2050362 112
rs9967630 2050820 2051346 526
rs2072306 2060019 2201528 141509
rs3746158 2204590 2206311 1721
rs886363 2206336 2209223 2887
rs10415913 2210505 2217821 7316
rs12985777 2219055 2219447 392
rs28384673 2222386 2270153 47767
rs7251424 2272430 2275847 3417
rs12983575 2276172 2320931 44759
rs8102051 2321476 2322245 769
rs6510660 2323184 2356559 33375
rs4807260 2356641 2360796 4155
rs3848632 2360865 2431668 70803
rs8109281 2432612 2434713 2101
rs7249224 2434847 2451459 16612
rs11084943 2454628 2456737 2109
rs10417288 2456766 2463795 7029
rs17755100 2463876 2465221 1345
rs917414 2465360 2465373 13
rs3752174 2465565 2501038 35473
rs887270 2501852 2502052 200
rs7260635 2502470 2514620 12150
rs12975010 2516176 2516530 354
rs6510687 2516657 2556133 39476
rs8113429 2558638 2559353 715
rs7252358 2560815 2570143 9328
rs35150881 2572193 2578023 5830
rs12462730 2578635 2614849 36214
rs8102584 2617837 2619611 1774
rs1468703 2621293 2651552 30259
rs4806873 2659337 2660345 1008
rs8101876 2661014 2675536 14522
rs10409851 2677199 2678155 956
rs759071 2679577 2705792 26215
rs7008 2705978 2706339 361
rs8101456 2707183 2780229 73046
rs8109470 2781344 2781952 608
rs885704 2784431 2848133 63702
rs10853962 2848881 2850925 2044
rs4807358 2851518 2887623 36105
rs4807372 2887884 2888667 783
rs11665830 2889120 2904087 14967
rs11666694 2904809 2912296 7487
rs8111642 2913275 2913465 190
rs12972823 2919157 2927114 7957
rs11667371 2927724 2928362 638
rs17681742 2928599 2948790 20191
rs11150 2948897 2955792 6895
rs216279 2956231 2957227 996
rs83488 2957274 2975624 18350
rs12985412 2975874 2976705 831
rs1688128 2981168 2990560 9392
rs306048 2991154 2991198 44
rs306045 2992700 3019427 26727
rs10413635 3019450 3023859 4409
rs11084995 3024830 3047788 22958
rs308037 3049245 3050029 784
rs308033 3050982 3055652 4670
rs308054 3056987 3057588 601
rs308060 3060758 3094182 33424
rs399725 3094283 3096887 2604
rs8109228 3097213 3101418 4205
rs310678 3103298 3103982 684
rs2074864 3106736 3130884 24148
rs311630 3131770 3131803 33
rs3746070 3132066 3245320 113254
rs11666246 3245359 3246428 1069
rs7252291 3250482 3259076 8594
rs4061929 3259096 3259658 562
rs4807437 3260021 3260635 614
rs8111488 3262830 3264017 1187
rs11670004 3266216 3272710 6494
rs10445612 3272816 3274400 1584
rs4807441 3274420 3279483 5063
rs7247434 3279734 3280809 1075
rs13344327 3285869 3309321 23452
rs12460030 3312489 3312995 506
rs4807453 3314565 3333274 18709
rs2392652 3335422 3335624 202
rs10403546 3339246 3360398 21152
rs7257291 3362220 3362646 426
rs758504 3363035 3385028 21993
rs2302219 3385224 3386254 1030
rs11085019 3391080 3503093 112013
rs1715093 3505783 3514981 9198
rs7246261 3516357 3522446 6089
rs10420721 3526422 3529653 3231
rs8111311 3533479 3644676 111197
rs740873 3649333 3649842 509
rs7246373 3650745 3656660 5915
rs7250088 3656677 3659636 2959
rs570896 3660018 3673669 13651
rs2067019 3679609 3680042 433
rs7258176 3681041 3713498 32457
rs13960 3713698 3714118 420
rs7259446 3716580 3730934 14354
rs7251543 3732044 3733296 1252
rs3746115 3734070 3746791 12721
rs2052059 3747849 3748100 251
rs17447618 3748612 3771191 22579
rs2240231 3774237 3775213 976
rs12611253 3776034 3855652 79618
rs3810374 3859039 3859201 162
rs4807527 3861933 3882269 20336
rs6510776 3883133 3884124 991
rs2304191 3884232 3889782 5550
rs4807536 3890928 3893110 2182
rs10406174 3895240 3911020 15780
rs10426955 3913369 3915106 1737
rs8113281 3917132 3927321 10189
rs36527 3928486 3930408 1922
rs17606942 3931367 4066993 135626
rs2890215 4067081 4067162 81
rs350892 4067652 4090929 23277
rs350825 4091563 4103097 11534
rs350880 4104400 4104659 259
rs350873 4107216 4119872 12656
rs350854 4120312 4120998 686
rs352117 4122972 4153793 30821
rs10417405 4155636 4155819 183
rs2240669 4158940 4187996 29056
rs4905 4188067 4188425 358
rs353698 4191948 4248968 57020
rs7253766 4252475 4252845 370
rs6510803 4254164 4255498 1334
rs4807578 4257311 4258678 1367
rs11669091 4259098 4271468 12370
rs10411394 4276327 4276433 106
rs8111858 4277239 4291742 14503
rs4435381 4293285 4303394 10109
rs11882587 4303959 4304174 215
rs11085071 4304219 4470450 166231
rs884164 4472625 4476046 3421
rs11670485 4476217 4505886 29669
rs10853973 4506310 4522982 16672
rs4468746 4523791 4526373 2582
rs12973142 4526751 4541877 15126
rs4806990 4542436 4542634 198
rs16992451 4547137 4652132 104995
rs11671605 4656508 4656580 72
rs4401152 4659102 4665044 5942
rs7251000 4665468 4666016 548
rs8101703 4668187 4784410 116223
rs10401691 4785057 4788501 3444
rs10424978 4788557 4792151 3594
rs10409097 4795152 4795205 53
rs17363814 4795633 4797774 2141
rs9973235 4798713 4798868 155
rs9304915 4798874 4850062 51188
rs2779169 4851684 4859093 7409
rs4807665 4859389 4861889 2500
rs3786942 4863557 4872893 9336
rs12462047 4874735 4876158 1423
rs2779161 4879699 4898056 18357
rs7249758 4899862 4900266 404
rs4807669 4900437 4905310 4873
rs2060959 4913611 4913848 237
rs10853981 4916064 5073817 157753
rs2620849 5075248 5075487 239
rs9807864 5075629 5157775 82146
rs12979222 5158878 5159694 816
rs1978237 5160641 5205718 45077
rs17130 5205970 5208811 2841
rs4807016 5209490 5220031 10541
rs8110570 5220458 5221931 1473
rs1141371 5224571 5268513 43942
rs886932 5271079 5272574 1495
rs17676301 5272865 5303619 30754
rs17608346 5303656 5304318 662
rs8111216 5304576 5306661 2085
rs2082465 5310211 5311150 939
rs10426557 5311168 5316998 5830
rs11880712 5318970 5333472 14502
rs12986105 5333623 5333976 353
rs12984375 5334229 5350090 15861
rs7250877 5350492 5350911 419
rs8103191 5351865 5396429 44564
rs414294 5401303 5403488 2185
rs394072 5403676 5420107 16431
rs11671309 5420640 5428883 8243
rs458262 5430216 5430522 306
rs11085140 5432300 5466228 33928
rs669510 5468034 5468605 571
rs562678 5468919 5469860 941
rs7260433 5470326 5470444 118
rs385839 5473356 5496034 22678
rs10407627 5497054 5503490 6436
rs639858 5503783 5504977 1194
rs12461806 5506098 5506781 683
rs8105637 5517232 5576802 59570
rs4239608 5580583 5586311 5728
rs2485275 5587672 5781302 193630
rs778808 5781447 5781922 475
rs778805 5783209 5790746 7537
rs708686 5791619 5792356 737
rs3760774 5792462 5803599 11137
rs12984439 5806001 5809795 3794
rs778976 5812415 5813898 1483
rs6510860 5814155 5831949 17794
rs1674154 5832194 5835673 3479
rs12972385 5842052 6028059 186007
rs11880706 6031482 6032667 1185
rs11879374 6039681 6197999 158318
rs952235 6198377 6203925 5548
rs12710085 6205280 6287432 82152
rs10425427 6289370 6302450 13080
rs7253024 6313724 6467492 153768
rs10415368 6467594 6468122 528
rs7252020 6468259 6470253 1994
rs11085177 6471490 6473134 1644
rs415882 6474817 6497235 22418
rs348374 6498141 6503386 5245
rs3865472 6503445 6511924 8479
rs10418885 6514907 6515402 495
rs7508584 6515673 6519338 3665
rs2642212 6523796 6524967 1171
rs1115478 6525310 6562336 37026
rs16993685 6564833 6566232 1399
rs12459490 6567712 6702293 134581
rs1054060 6703434 6704769 1335
rs2305806 6706007 6711974 5967
rs10409233 6713948 6714718 770
rs7248911 6717213 6733498 16285
rs568259 6733574 6733701 127
rs2607465 6733851 6737845 3994
rs642553 6737857 6759547 21690
rs12610223 6759656 6761367 1711
rs10423572 6762567 6776032 13465
rs4807102 6778110 6778468 358
rs164022 6779040 6783880 4840
rs308200 6784072 6784777 705
rs308197 6786440 6795945 9505
rs331679 6799220 6800906 1686
rs7257711 6802020 6868464 66444
rs11671668 6869014 6870529 1515
rs373533 6870624 6880009 9385
rs12461871 6880171 6914455 34284
rs8107564 6915547 6916278 731
rs625183 6919186 6921995 2809
rs252579 6923357 6923857 500
rs252574 6925218 7117376 192158
rs1366235 7118715 7118817 102
rs2860177 7118951 7151990 33039
rs8103883 7154422 7154732 310
rs1896639 7154846 7169135 14289
rs4804404 7169382 7178871 9489
rs890860 7179165 7179343 178
rs881759 7179346 7203775 24429
rs4372802 7205283 7205707 424
rs11878933 7205741 7284246 78505
rs7249440 7306685 7312066 5381
rs6603095 7317780 7467996 150216
rs2335095 7468472 7473757 5285
rs17256868 7474879 7630185 155306
rs10418380 7630540 7633225 2685
rs2161490 7637954 7638955 1001
rs1862513 7639793 7640511 718
rs34788323 7640814 7641475 661
rs35257373 7642985 7643840 855
rs1423096 7645177 7658906 13729
rs2229230 7660226 7661716 1490
rs17159311 7663564 7673579 10015
rs3760688 7674634 7675188 554
rs17159862 7675299 7677742 2443
rs11673122 7685733 7687435 1702
rs11260025 7687753 7719268 31515
rs735240 7719336 7719863 527
rs10409294 7721221 7722546 1325
rs4804806 7722625 7731104 8479
rs7252764 7733137 7767485 34348
rs544275 7772171 7785813 13642
rs11665760 7786554 7786708 154
rs580984 7787030 7788551 1521
rs7258822 7789667 7881464 91797
rs3745386 7883870 7884430 560
rs475002 7892638 7894117 1479
rs35672116 7897334 7897679 345
rs11542187 7898976 8042398 143422
rs7256904 8043102 8043192 90
rs7248720 8043461 8062221 18760
rs6603141 8064074 8064924 850
rs7245429 8065362 8085619 20257
rs12460407 8087037 8087483 446
rs4804268 8087869 8112748 24879
rs12162237 8113070 8113241 171
rs7256533 8113721 8119778 6057
rs11260062 8120970 8125833 4863
rs10409055 8126233 8140677 14444
rs8110054 8146413 8148511 2098
rs12151050 8150222 8222310 72088
rs383273 8223961 8224879 918
rs2306199 8226890 8321242 94352
rs7248719 8324902 8325505 603
rs12980554 8327007 8331192 4185
rs4076317 8334999 8337316 2317
rs2278236 8337581 8516894 179313
rs17160563 8518914 8521268 2354
rs4804311 8521589 8533490 11901
rs12460069 8535500 8538587 3087
rs11672367 8539943 8578076 38133
rs7254309 8578988 8579881 893
rs12462074 8581108 8602191 21083
rs1561405 8611970 8612106 136
rs10404710 8612986 8636038 23052
rs1030929 8637880 8639516 1636
rs4239542 8640163 8644532 4369
rs12611036 8645481 8646951 1470
rs2967684 8647624 8648027 403
rs4804078 8648140 8692793 44653
rs7257704 8693319 8767299 73980
rs2918292 8773829 8774156 327
rs654188 8774668 8860311 85643
rs11085766 8860675 8861757 1082
rs12985992 8861852 8875456 13604
rs34556045 8876438 8880429 3991
rs11882373 8881211 8881626 415
rs11085780 8881666 8899597 17931
rs12978064 8899696 8899831 135
rs12971511 8900048 9011838 111790
rs12052191 9018541 9019204 663
rs7260021 9022607 9055417 32810
rs4804397 9056068 9056598 530
rs2591608 9056796 9107205 50409
rs8103016 9111370 9112220 850
rs17238795 9112843 9304332 191489
rs8113427 9309917 9310337 420
rs4239546 9869241 10010131 140890
rs16997792 10010223 10010726 503
rs7246637 10011394 10086682 75288
rs7401 10086777 10087052 275
rs7710 10087256 10112747 25491
rs8112801 10114099 10222511 108412
rs11668618 10226896 10229050 2154
rs17000211 10230086 10256208 26122
rs5498 10256683 10256796 113
rs3093032 10257336 10287628 30292
rs1045384 10288246 10289790 1544
rs3745264 10290566 10489548 198982
rs34924007 10490460 10492375 1915
rs10407947 10494984 10527450 32466
rs1560688 10527668 10529452 1784
rs875569 10529953 10651162 121209
rs2738039 10654749 10655793 1044
rs2569507 10659904 10699486 39582
rs10404348 10701201 10702049 848
rs1529744 10702472 10822273 119801
rs11878377 10826270 10831558 5288
rs11880865 10932148 11119638 187490
rs11881803 11120322 11120754 432
rs11878885 11124493 11146390 21897
rs11880059 11147705 11150826 3121
rs12971719 11153941 11291374 137433
rs396115 11292566 11293897 1331
rs7417 11293950 11337784 43834
rs17719222 11341638 11355704 14066
rs318699 11362240 11559138 196898
rs897811 11559757 11560193 436
rs12972855 11565605 11754555 188950
rs286218 11754862 11755535 673
rs286221 11760376 11849323 88947
rs11085795 11849515 11850748 1233
rs11085797 11858610 11965320 106710
rs624976 11971238 11976226 4988
rs10404882 11983834 12138269 154435
rs166601 12139736 12145508 5772
rs1047138 12216506 12384289 167783
rs12981192 12384353 12385157 804
rs889176 12386021 12551011 164990
rs7247513 12552185 12552335 150
rs4804202 12579619 12763377 183758
rs2229510 12764059 12766246 2187
rs10451496 12878876 13019678 140802
rs931067 13019783 13024576 4793
rs10423956 13031224 13088354 57130
rs8111717 13090501 13092995 2494
rs1006397 13093398 13153745 60347
rs10417099 13155623 13167790 12167
rs11085833 13168221 13178980 10759
rs2419233 13184759 13186733 1974
rs4926236 13186777 13190478 3701
rs7246626 13192537 13217380 24843
rs1990228 13218017 13219354 1337
rs12611099 13219672 13277280 57608
rs4499352 13277350 13278011 661
rs10416030 13279036 13288743 9707
rs2292036 13288764 13288805 41
rs7248121 13289691 13291324 1633
rs2419247 13291655 13292486 831
rs10407144 13292565 13302387 9822
rs10424910 13302453 13302743 290
rs10426533 13302807 13331522 28715
rs17777712 13333583 13335220 1637
rs10419009 13335397 13394483 59086
rs752079 13395127 13395236 109
rs4926287 13398717 13406376 7659
rs4340440 13409789 13412916 3127
rs12608778 13413161 13413942 781
rs12610549 13413943 13416209 2266
rs1010887 13416660 13448926 32266
rs12609735 13449516 13450472 956
rs2112461 13451331 13483333 32002
rs2419722 13483591 13483767 176
rs10421816 13483963 13542924 58961
rs2419725 13544510 13544881 371
rs12984970 13547262 13625099 77837
rs10411660 13626516 13626959 443
rs12460146 13631494 13750589 119095
rs386082 13751017 13751205 188
rs7359868 13752528 13774706 22178
rs345627 13778264 13783520 5256
rs7254517 13790049 13812830 22781
rs2594713 13815336 13815633 297
rs897786 13821386 13837951 16565
rs897790 13849040 13849416 376
rs8102371 13850022 13991215 141193
rs35149963 13995498 13996108 610
rs7249702 13999212 14078133 78921
rs34692587 14082642 14083509 867
rs8100819 14088601 14180558 91957
rs8108004 14184415 14191811 7396
rs7258430 14191898 14194712 2814
rs8107875 14197749 14198400 651
rs9677023 14198898 14200702 1804
rs4926183 14206415 14212497 6082
rs4528684 14212574 14239067 26493
rs17180958 14239141 14239182 41
rs530311 14241067 14362544 121477
rs12973667 14366748 14367327 579
rs3786657 14367632 14383768 16136
rs12985089 14385126 14385651 525
rs2420543 14387036 14414995 27959
rs2302993 14418530 14418821 291
rs6511932 14428193 14532208 104015
rs1609865 14532388 14533165 777
rs891089 14535235 14569144 33909
rs10415354 14570815 14573191 2376
rs12982048 14573439 14598431 24992
rs2126979 14601443 14603924 2481
rs726789 14604003 14657841 53838
rs10419425 14657884 14659553 1669
rs11085906 14662166 14703742 41576
rs757297 14704162 14704292 130
rs757299 14704490 14751415 46925
rs11666594 14752912 14754513 1601
rs11881045 14755924 14796490 40566
rs2215044 14797194 14797237 43
rs2190686 14799616 14933787 134171
rs7247183 14934226 14936266 2040
rs11668879 14940104 14964555 24451
rs735622 14964784 14965110 326
rs8104451 14970578 15020981 50403
rs3181304 15021909 15023030 1121
rs2158467 15023755 15061165 37410
rs9305060 15066503 15067661 1158
rs10221538 15070603 15108989 38386
rs12710296 15109536 15110015 479
rs10406001 15110796 15213372 102576
rs11668977 15217746 15220153 2407
rs7257178 15302070 15358486 56416
rs8109755 15361876 15362297 421
rs7253129 15365064 15448345 83281
rs959117 15450328 15450701 373
rs2366057 15452052 15479771 27719
rs2060261 15482180 15482333 153
rs6512041 15484125 15516310 32185
rs12608787 15517139 15518412 1273
rs12971788 15522876 15527533 4657
rs17795020 15527874 15529140 1266
rs2011933 15534136 15537750 3614
rs7259555 15538547 15538710 163
rs1273518 15538864 15585098 46234
rs3764563 15585203 15585294 91
rs1320318 15585855 15589103 3248
rs4646525 15590623 15590773 150
rs17708332 15591101 15673010 81909
rs12461658 15673495 15673558 63
rs670476 15674467 15687442 12975
rs757373 15687599 15688465 866
rs4312419 15688731 15838518 149787
rs12610967 15838929 15839057 128
rs12611242 15839564 15873757 34193
rs12973168 15874338 15876099 1761
rs8112732 15878617 15907478 28861
rs3810427 15907650 15908758 1108
rs2116951 15908806 16020493 111687
rs7251471 16020553 16020599 46
rs4808023 16022027 16046110 24083
rs8109288 16046559 16047598 1039
rs7260235 16047772 16099279 51507
rs10416536 16100877 16129856 28979
rs4808460 16130485 16130507 22
rs8100843 16135717 16179781 44064
rs2290802 16181075 16188755 7680
rs2362485 16191848 16265660 73812
rs10424897 16266060 16266117 57
rs390017 16267034 16271530 4496
rs10420399 16273704 16281758 8054
rs4808045 16284035 16320005 35970
rs17642425 16323417 16328759 5342
rs875623 16329003 16492322 163319
rs2303118 16492481 16492776 295
rs7250904 16631401 16821056 189655
rs799184 16822869 16828738 5869
rs773882 16830399 16849456 19057
rs10407613 16849786 16851687 1901
rs2258772 16851795 16864405 12610
rs773901 16864789 16865049 260
rs2608732 16869578 16881688 12110
rs8102899 16885533 16886292 759
rs11086039 16887448 16888607 1159
rs3848660 16891593 16917676 26083
rs10423711 16918498 16919813 1315
rs6512149 16920209 16949014 28805
rs3826728 16949121 16949299 178
rs3745335 16949319 16970436 21117
rs4808551 16972297 16972411 114
rs11669497 16972674 17013820 41146
rs7259285 17014149 17015972 1823
rs16981571 17019694 17142257 122563
rs8110820 17142596 17143250 654
rs2279008 17144303 17172791 28488
rs2305765 17173992 17174833 841
rs8108998 17175874 17197904 22030
rs2288542 17198223 17198308 85
rs2288540 17198344 17243505 45161
rs10403581 17245192 17245267 75
rs8170 17250704 17402017 151313
rs8111932 17402232 17407710 5478
rs1035872 17407855 17408179 324
rs4808641 17408292 17413306 5014
rs11668026 17413633 17432766 19133
rs8111354 17435899 17436302 403
rs8100064 17436610 17468175 31565
rs11665931 17468569 17469516 947
rs1820805 17471210 17515964 44754
rs1967331 17520746 17521300 554
rs2375636 17521608 17522059 451
rs34631213 17525418 17577582 52164
rs10412208 17582375 17589502 7127
rs2287849 17590148 17595848 5700
rs3810441 17599466 17621940 22474
rs10416927 17623840 17623890 50
rs10417130 17623909 17628789 4880
rs1157615 17629818 17630166 348
rs11666188 17630322 17649648 19326
rs7252308 17649789 17649804 15
rs10415568 17650165 17725045 74880
rs4808684 17725354 17725452 98
rs1363769 17726305 17785753 59448
rs7409343 17787385 17787656 271
rs11086080 17788041 17796253 8212
rs11888 17796626 17797355 729
rs3008 17798429 17799891 1462
rs2302600 17802143 17807054 4911
rs3212760 17808546 17809732 1186
rs3213408 17809861 17812178 2317
rs867174 17813930 17883074 69144
rs10426608 17884687 17885271 584
rs7245612 17885606 17899782 14176
rs12981438 17902229 17902309 80
rs12981697 17902334 17910454 8120
rs12710311 17910932 17914340 3408
rs10418352 17915851 17942634 26783
rs11666940 17944209 17944619 410
rs4808108 17944836 17979869 35033
rs8100681 17982466 17984617 2151
rs7259041 17984738 17991500 6762
rs453709 17992553 17993540 987
rs380991 17995596 18017090 21494
rs12973060 18017315 18017613 298
rs10422102 18018498 18030314 11816
rs404733 18030997 18031962 965
rs372889 18034603 18095005 60402
rs740691 18095441 18095567 126
rs11666281 18095588 18249383 153795
rs12608504 18250135 18250620 485
rs4393694 18251864 18277972 26108
rs7259046 18278378 18279044 666
rs2227270 18281704 18320947 39243
rs11086106 18322458 18328886 6428
rs3746184 18335587 18480737 145150
rs4808812 18483443 18485333 1890
rs8106068 18485964 18596764 110800
rs7256751 18600497 18601208 711
rs4808839 18605288 18619574 14286
rs10412858 18620279 18621567 1288
rs3752217 18622216 18776988 154772
rs8101846 18783444 18787686 4242
rs8104653 18789480 18795801 6321
rs10409195 18796273 18800954 4681
rs2239371 18805025 18940393 135368
rs4808168 18942701 18954619 11918
rs8107145 18955226 18961115 5889
rs4808895 18961676 18961787 111
rs12016 18963590 19149853 186263
rs3819578 19149960 19150830 870
rs2238669 19151115 19224630 73515
rs4808933 19224812 19225319 507
rs10415278 19630157 19726077 95920
rs10403620 19727113 19727371 258
rs247784 19727889 19739814 11925
rs248936 19740126 19740757 631
rs6511050 19770720 19931856 161136
rs11085286 19937159 19942948 5789
rs2878400 19943805 20107387 163582
rs1725953 20108927 20110983 2056
rs1654294 20115019 20248390 133371
rs12610421 20248532 20248716 184
rs11673187 20250273 20359571 109298
rs2336456 20360493 20360525 32
rs2336457 20361515 20424614 63099
rs4809044 20425062 20439390 14328
rs1862273 20445478 20588919 143441
rs8109731 20589329 20589484 155
rs6511144 20590124 20637606 47482
rs4808260 20638111 20639957 1846
rs561483 20641018 20715487 74469
rs8106633 20715770 20716675 905
rs12459076 20717774 20807748 89974
rs7255889 20809514 20810397 883
rs16998353 21736861 21898791 161930
rs1634458 21898980 21899123 143
rs1651571 21900564 21968939 68375
rs10418451 21970131 22111132 141001
rs8113700 22111261 22111849 588
rs3813591 22113096 22305800 192704
rs9304997 22306344 22306391 47
rs1991830 22306570 22481940 175370
rs8103890 22482214 22482244 30
rs2163819 22484012 22484891 879
rs2915928 22485436 22485606 170
rs2915926 22485921 22611084 125163
rs12984783 22611247 22612638 1391
rs11666204 23180760 23304505 123745
rs1816639 23304809 23305107 298
rs629359 23414347 23587599 173252
rs12984693 23595498 23595881 383
rs699646 23604300 23606205 1905
rs1088366 23608321 23609357 1036
rs7260366 23794679 23955822 161143
rs17712164 23956835 23957269 434
rs7250712 23959928 24014329 54401
rs17712357 24014367 24014626 259
rs8112887 33152028 33338200 186172
rs10432297 33338372 33338838 466
rs2903693 33339060 33446681 107621
rs10402279 33448949 33449999 1050
rs4806170 33450177 33530106 79929
rs8108726 33530172 33530307 135
rs8111880 33530918 33631452 100534
rs4806436 33631466 33632473 1007
rs8107984 33632857 33663907 31050
rs12982921 33664311 33664338 27
rs12975994 33664456 33712469 48013
rs12985651 33714742 33714758 16
rs4130819 33902866 33934258 31392
rs1363330 33935419 33936825 1406
rs221764 33939123 34088669 149546
rs889349 34089098 34089180 82
rs1423703 34090466 34212410 121944
rs8110835 34213051 34213134 83
rs8105208 34214413 34305500 91087
rs8103663 34309273 34309383 110
rs7247566 34311191 34435016 123825
rs11083875 34438116 34440688 2572
rs11666812 34440721 34479124 38403
rs10404352 34479271 34480470 1199
rs10423387 34480653 34484151 3498
rs8102600 34484917 34485216 299
rs2111519 34486524 34641548 155024
rs1473250 34641688 34648448 6760
rs2866069 34649821 34667007 17186
rs7246164 34667270 34667972 702
rs11670581 34668094 34731432 63338
rs734837 34732866 34733393 527
rs7260324 34733665 34752607 18942
rs7250581 34756236 34756795 559
rs12462449 34757125 34760332 3207
rs12609107 34760346 34760733 387
rs4805431 34761497 34794998 33501
rs11084041 34795492 34796038 546
rs10411749 34797809 34798115 306
rs7283 34798499 34808016 9517
rs4804897 34808027 34809282 1255
rs7258571 34811747 34821305 9558
rs10407049 34823402 34828763 5361
rs4805463 34828875 34846867 17992
rs919400 34846924 34850383 3459
rs10424881 34854335 34884345 30010
rs3926 34884578 34887858 3280
rs3746314 34888995 34893163 4168
rs10412895 34893352 34894207 855
rs16963185 34895712 34912323 16611
rs10423055 34913062 34913294 232
rs1428752 34914181 34946930 32749
rs10853850 34948318 34948999 681
rs3848592 34950244 34955978 5734
rs12461902 34957075 35007110 50035
rs34331990 35013401 35014141 740
rs8100652 35016288 35041979 25691
rs17599667 35042506 35043982 1476
rs6509769 35045061 35104103 59042
rs420286 35105028 35105697 669
rs334997 35106072 35287204 181132
rs11084415 35289347 35289472 125
rs374633 35290945 35301051 10106
rs17759418 35301387 35302240 853
rs335776 35304284 35319156 14872
rs335740 35319498 35320274 776
rs335743 35320316 35346120 25804
rs11671294 35346580 35346713 133
rs1006584 35350336 35433463 83127
rs2866818 35437307 35438593 1286
rs8109876 35438952 35471622 32670
rs11084516 35471854 35472036 182
rs12460471 35472303 35556642 84339
rs11084547 35560383 35562401 2018
rs11667409 35568486 35602316 33830
rs10421254 35602626 35602700 74
rs11084551 35602802 35640797 37995
rs759952 35641183 35642640 1457
rs3786814 35643118 35651427 8309
rs7250315 35653314 35655218 1904
rs3786804 35655345 35670793 15448
rs2866973 35671603 35671807 204
rs8110509 35673479 35674121 642
rs16964244 35675949 35687595 11646
rs11880513 35687829 35688365 536
rs12461746 35689260 35792168 102908
rs12972916 35795706 35796419 713
rs2903475 35798760 35859740 60980
rs10518276 35859855 35860257 402
rs7254787 35860699 35862895 2196
rs8113192 35864212 35864247 35
rs8112361 35867548 36003509 135961
rs1013414 36003979 36004668 689
rs7256269 36005736 36093596 87860
rs278222 36094112 36096720 2608
rs16965042 36267199 36375816 108617
rs10411956 36376385 36380559 4174
rs1580756 36380994 36480765 99771
rs11883254 36482162 36482209 47
rs1874489 36482805 36528121 45316
rs10418984 36530218 36538747 8529
rs7249887 36541208 36583357 42149
rs2193532 36583553 36583786 233
rs7259942 36583953 36713839 129886
rs3885120 36713910 36715023 1113
rs8105499 36715797 36756969 41172
rs8103553 36759509 36760208 699
rs7245504 37135251 37268577 133326
rs7507763 37270252 37271256 1004
rs3893577 37272366 37284722 12356
rs8105292 37286662 37286709 47
rs6510223 37286780 37323312 36532
rs17774635 37323334 37323372 38
rs7249442 37324205 37366293 42088
rs17513122 37366378 37366586 208
rs10410583 37366991 37384288 17297
rs17718095 37384460 37384673 213
rs8106450 37391629 37574062 182433
rs10409835 37580500 37580740 240
rs11666218 37581774 37726301 144527
rs11882543 37726369 37726394 25
rs11084655 37726538 37786211 59673
rs8108840 37786292 37787303 1011
rs8109885 37787397 37891623 104226
rs1061686 37896384 37897684 1300
rs7256750 37899485 38083927 184442
rs11671957 38084315 38084330 15
rs11880965 38084893 38158622 73729
rs7258303 38158772 38158927 155
rs2304102 38159197 38178911 19714
rs12973422 38179183 38180258 1075
rs3889147 38180776 38189385 8609
rs2163807 38190818 38190911 93
rs10425796 38191932 38199621 7689
rs17316183 38200222 38201882 1660
rs10409247 38203614 38289656 86042
rs3760893 38289770 38290967 1197
rs13345828 38291163 38354470 63307
rs10422125 38355029 38356480 1451
rs8101550 38356508 38394085 37577
rs12609177 38397295 38398133 838
rs3786927 38400742 38401371 629
rs7254894 38401592 38402535 943
rs4805031 38403480 38405768 2288
rs3786926 38406209 38419841 13632
rs10426085 38420047 38423391 3344
rs752237 38423640 38454961 31321
rs4805870 38455315 38455461 146
rs889106 38455943 38472415 16472
rs11669486 38472665 38472848 183
rs877567 38474751 38542000 67249
rs1423066 38542507 38542681 174
rs999503 38543570 38618840 75270
rs8105921 38619169 38619311 142
rs17833959 38620161 38774145 153984
rs7250563 38776347 38776787 440
rs11672690 38781772 38823301 41529
rs8105874 38823342 38823404 62
rs919357 38824077 38828497 4420
rs10412167 38829027 38829038 11
rs1035937 38830785 38986741 155956
rs2056180 38994889 38995256 367
rs14810 38996743 39030627 33884
rs287097 39032337 39033129 792
rs287098 39033932 39039582 5650
rs4805941 39042286 39050628 8342
rs8103074 39051174 39051937 763
rs8106555 39052394 39117025 64631
rs2059081 39117126 39117295 169
rs2377296 39117941 39130533 12592
rs16960768 39130699 39130975 276
rs11878836 39132928 39142125 9197
rs7250593 39142786 39142870 84
rs12459800 39143785 39250532 106747
rs244765 39250605 39256568 5963
rs451218 39258487 39275540 17053
rs574004 39275977 39278697 2720
rs548962 39282069 39338947 56878
rs2482998 39340311 39343630 3319
rs754392 39418684 39561564 142880
rs2278266 39562096 39564222 2126
rs7252173 39637904 39779541 141637
rs1270256 39781147 39781857 710
rs1270257 39781904 39782509 605
rs1270259 39782611 39783655 1044
rs8101747 39784389 39944968 160579
rs7259742 39946185 39949032 2847
rs17718432 39950888 40003655 52767
rs7250748 40003810 40005091 1281
rs10439134 40007266 40034762 27496
rs12461604 40035450 40035533 83
rs12460166 40036098 40072244 36146
rs752335 40073246 40073525 279
rs888861 40073692 40140922 67230
rs3746244 40141026 40141249 223
rs34687332 40141326 40291703 150377
rs921935 40292350 40294178 1828
rs11668731 40294338 40305324 10986
rs1688017 40305463 40306176 713
rs4835 40306374 40340205 33831
rs1688006 40341034 40341121 87
rs4806093 40342433 40393105 50672
rs17613706 40393535 40397177 3642
rs1633923 40397465 40557312 159847
rs10414199 40559119 40559872 753
rs12609641 40560565 40628877 68312
rs12971516 40631374 40632127 753
rs409093 40633088 40634740 1652
rs8108454 40634973 40641434 6461
rs12975762 40642363 40642504 141
rs7253076 40646481 40647527 1046
rs10419824 40647854 40648230 376
rs10417830 40650517 40703718 53201
rs1108552 40703835 40703924 89
rs6510498 40704188 40756216 52028
rs8104938 40759294 40759459 165
rs12972040 40759902 40771776 11874
rs8101766 40776178 40776255 77
rs8106239 40777198 40814442 37244
rs2239914 40815243 40815331 88
rs8106576 40816016 40860754 44738
rs11882996 40861125 40865377 4252
rs4806192 40866016 40872886 6870
rs7257917 40875454 40879969 4515
rs12461333 40884745 41014441 129696
rs10409299 41016164 41026259 10095
rs392702 41030903 41034052 3149
rs404299 41041592 41235253 193661
rs6510515 41238067 41239370 1303
rs8103569 41239459 41359999 120540
rs11672374 41362138 41364168 2030
rs10418139 41364223 41429105 64882
rs2972533 41430907 41433563 2656
rs2972634 41504498 41655477 150979
rs2967540 41656216 41656621 405
rs1227796 42005540 42168990 163450
rs1612652 42169480 42169598 118
rs1546800 43239346 43325860 86514
rs4802251 43326314 43326563 249
rs7250034 43326734 43405408 78674
rs7253473 43409218 43410847 1629
rs8100697 43416470 43417256 786
rs4803899 43419480 43420054 574
rs7246060 43423502 43427320 3818
rs8102476 43427453 43434686 7233
rs3786872 43447929 43516184 68255
rs8112211 43516421 43519800 3379
rs11671779 43525190 43633439 108249
rs3745844 43634088 43637242 3154
rs7254832 43637691 43671014 33323
rs16972654 43671958 43672433 475
rs17708009 43672843 43694531 21688
rs2071089 43694565 43695103 538
rs2915942 43697777 43796290 98513
rs2303041 43798764 43799874 1110
rs2232992 43801491 43871774 70283
rs3786839 43874405 43874532 127
rs7251903 43876651 44029965 153314
rs862455 44029982 44030503 521
rs862457 44030705 44071746 41041
rs11667030 44071870 44073671 1801
rs10410544 44077372 44088489 11117
rs9636109 44089473 44089537 64
rs3136644 44090471 44097399 6928
rs9403 44098007 44099615 1608
rs7508411 44100200 44168643 68443
rs649150 44173324 44173524 200
rs483359 44173827 44208902 35075
rs7258182 44212768 44214924 2156
rs1840748 44217621 44252516 34895
rs423058 44256051 44259287 3236
rs393559 44261222 44285137 23915
rs7247078 44285672 44377552 91880
rs2319156 44378515 44378961 446
rs12462614 44379432 44426060 46628
rs11881222 44426763 44432303 5540
rs8109886 44434602 44444660 10058
rs4803224 44444854 44449412 4558
rs576832 44451122 44453630 2508
rs251910 44453989 44455553 1564
rs7359950 44455605 44506797 51192
rs251912 44507692 44508940 1248
rs251896 44510231 44601867 91636
rs16973407 44605398 44605474 76
rs31725 44606148 44606588 440
rs31727 44607477 44740234 132757
rs2354225 44740247 44740375 128
rs12460559 44743633 44922406 178773
rs2108686 44924214 44925335 1121
rs10421474 44926848 44954733 27885
rs7249055 44955276 44955753 477
rs10412191 44955806 44970442 14636
rs7258495 44974748 44980665 5917
rs11880956 44982630 45048858 66228
rs887803 45048900 45108761 59861
rs12459958 45111398 45111927 529
rs10401972 45114921 45119743 4822
rs2075304 45122110 45123654 1544
rs34466648 45124882 45140213 15331
rs8110709 45140339 45140627 288
rs4337402 45521171 45576911 55740
rs12460741 45577249 45578833 1584
rs1968359 45582778 45639145 56367
rs2887292 45639288 45676843 37555
rs10401458 45678404 45679186 782
rs7252109 45683603 45698266 14663
rs814525 45698950 45699889 939
rs7258094 45704030 45755267 51237
rs8107961 45759123 45766778 7655
rs1165838 45767830 45775284 7454
rs814518 45776533 45776703 170
rs450819 45777854 45786678 8824
rs392726 45787658 45788665 1007
rs11673027 45790019 45821682 31663
rs12610819 45822777 45823515 738
rs11668042 45825710 45901317 75607
rs4803357 45901529 45902896 1367
rs2604913 45910451 45969860 59409
rs2233152 45972856 45973186 330
rs2233159 45975205 46116989 141784
rs4001941 46118264 46118597 333
rs10406801 46119046 46171149 52103
rs11671108 46173813 46174403 590
rs7251950 46174582 46229538 54956
rs10409701 46229708 46229802 94
rs4802105 46229873 46256589 26716
rs1820178 46257926 46258738 812
rs8104907 46260460 46294310 33850
rs1645696 46294353 46294370 17
rs1645697 46294502 46448746 154244
rs7250883 46451873 46454365 2492
rs2304231 46454510 46553514 99004
rs11466310 46553698 46554093 395
rs1982072 46556349 46595261 38912
rs892044 46595511 46677642 82131
rs11673591 46677771 46678739 968
rs6508980 46679288 46824888 145600
rs1122493 46825493 46827188 1695
rs6508988 46827981 46828956 975
rs4803491 46834312 46835760 1448
rs2109073 46840739 47008076 167337
rs2199830 47008843 47009491 648
rs3816438 48613901 48667139 53238
rs7252512 48667353 48668546 1193
rs11669863 48669620 48863422 193802
rs2286960 48863865 48863970 105
rs344783 48864028 48890417 26389
rs346061 48890724 48900859 10135
rs538215 48901641 48902217 576
rs10403459 48905220 48914965 9745
rs346048 48916001 48924576 8575
rs9612 48927357 48990096 62739
rs8109812 48990334 48990439 105
rs10426528 48991138 49044505 53367
rs1061769 49044506 49044528 22
rs10417624 49044530 49045294 764
rs1549956 49045978 49046020 42
rs1549958 49046135 49066471 20336
rs239943 49066556 49067187 631
rs1050054 49068521 49186570 118049
rs381759 49186985 49187097 112
rs381091 49187155 49236077 48922
rs2356558 49236185 49238814 2629
rs2176431 49238997 49324896 85899
rs2284980 49325314 49325398 84
rs10406335 49325793 49343950 18157
rs3817595 49344588 49344794 206
rs12462723 49461814 49579365 117551
rs4142248 49580116 49581500 1384
rs1836280 49582537 49586004 3467
rs2437022 49587846 49622720 34874
rs1369097 49623287 49623367 80
rs2734450 49623781 49660628 36847
rs644148 49662775 49664097 1322
rs2686779 49665809 49717305 51496
rs12975841 49717430 49718455 1025
rs7260180 49720009 49730451 10442
rs1727738 49732289 49733658 1369
rs17714646 49734335 49734605 270
rs930462 49734909 49933947 199038
rs1531517 49934013 49934580 567
rs2965174 49936855 50018608 81753
rs4803759 50019299 50020316 1017
rs10402271 50021054 50060160 39106
rs12610605 50062678 50062694 16
rs4803766 50063008 50087106 24098
rs2075649 50087170 50087459 289
rs157582 50088059 50090556 2497
rs8106922 50093506 50095252 1746
rs405697 50096531 50210940 114409
rs35912475 50214572 50215209 637
rs4803790 50215299 50215423 124
rs2288918 50220639 50221846 1207
rs12609547 50223849 50240095 16246
rs2163842 50240342 50242247 1905
rs10416445 50248502 50280006 31504
rs1469704 50281435 50282828 1393
rs3745157 50286435 50440084 153649
rs12981145 50448216 50448593 377
rs12976518 50451184 50529123 77939
rs7252037 50531351 50531860 509
rs7256035 50532045 50544370 12325
rs238419 50545253 50546759 1506
rs1799787 50547984 50625333 77349
rs11880437 50625731 50626847 1116
rs4803823 50638239 50660447 22208
rs12373539 50662935 50663801 866
rs2238686 50664896 50713354 48458
rs2301283 50716424 50717228 804
rs4802260 50719592 50761897 42305
rs12979486 50763052 50763264 212
rs8108463 50763901 50783180 19279
rs1045217 50785051 50786437 1386
rs3745818 50787491 50797436 9945
rs3745817 50804644 50804747 103
rs2334253 50808317 50836865 28548
rs11670375 50840077 50840226 149
rs1029846 50841458 50893053 51595
rs1008773 50893495 50894012 517
rs12975617 50899863 51079343 179480
rs12981915 51081720 51082120 400
rs8112972 51082445 51087818 5373
rs10423899 51096419 51098303 1884
rs12460033 51098538 51106074 7536
rs10406475 51106133 51106468 335
rs10414420 51106850 51150683 43833
rs11667587 51156538 51160543 4005
rs12463085 51161251 51203100 41849
rs2287304 51203186 51203457 271
rs7254423 51204138 51204357 219
rs1010693 51205023 51230737 25714
rs10403967 51232538 51235089 2551
rs17271272 51235406 51238237 2831
rs4803891 51238588 51239170 582
rs2341891 51249393 51249691 298
rs1861792 51250343 51265237 14894
rs16980282 51265325 51265404 79
rs2341902 51293179 51459013 165834
rs4803913 51460593 51462878 2285
rs4567846 51466738 51469347 2609
rs4803917 51472317 51473458 1141
rs11083813 51474121 51484492 10371
rs1990566 51484711 51484755 44
rs1990568 51484881 51516744 31863
rs11672731 51521919 51526523 4604
rs10402696 51533134 51563107 29973
rs6509265 51563993 51565548 1555
rs10409174 51565805 51566474 669
rs1978308 51566762 51598907 32145
rs8107270 51600118 51605589 5471
rs2279517 51606387 51610631 4244
rs7250259 51611743 51615592 3849
rs445565 51617265 51641502 24237
rs9304659 51641570 51642235 665
rs4539715 51642277 51822802 180525
rs11672892 51823249 51825777 2528
rs10420570 51826152 51852241 26089
rs1497764 51854042 51855614 1572
rs314667 51856826 51899494 42668
rs10405912 51900031 51900321 290
rs12609920 51902699 52034707 132008
rs17716171 52034769 52038353 3584
rs17367673 52089335 52280042 190707
rs2287842 52280165 52281492 1327
rs2303108 52281735 52350160 68425
rs11670191 52350322 52352974 2652
rs307896 52353333 52466612 113279
rs10412404 52467295 52471101 3806
rs4804037 52472865 52479344 6479
rs4804045 52479427 52480184 757
rs11083868 52483849 52521796 37947
rs12973036 52529161 52533787 4626
rs2910426 52539432 52637407 97975
rs11878840 52637477 52638326 849
rs4802365 52638366 52670483 32117
rs2293424 52671965 52677032 5067
rs2974227 52733745 52920268 186523
rs8111184 52920981 52923385 2404
rs8105734 52923460 52969113 45653
rs11083897 52971601 52989690 18089
rs11669962 52993645 52993660 15
rs12462695 52996557 53019027 22470
rs17272610 53020551 53021357 806
rs8100396 53021665 53028770 7105
rs4801737 53029328 53170122 140794
rs10424421 53171081 53172856 1775
rs7252494 53172929 53199818 26889
rs7255053 53200453 53200524 71
rs9304671 53200799 53202202 1403
rs16982092 53202365 53202651 286
rs16982097 53202765 53203666 901
rs16982100 53203700 53284164 80464
rs445505 53284945 53285169 224
rs3745741 53285403 53300284 14881
rs2307279 53300410 53301527 1117
rs11564509 53304652 53441676 137024
rs1549141 53442096 53442741 645
rs3848539 53443158 53585487 142329
rs276719 53587769 53589055 1286
rs276713 53591260 53618377 27117
rs10419023 53623034 53623054 20
rs1799286 53624149 53768273 144124
rs3760800 53768414 53768499 85
rs3826827 53768735 53790562 21827
rs2665586 53791193 53791767 574
rs4149455 53793768 53828463 34695
rs386551 53830098 53833344 3246
rs2303147 53834837 53844767 9930
rs414299 53847570 53849950 2380
rs2892233 53852067 53856552 4485
rs281392 53856764 53858687 1923
rs10414737 53863405 53898274 34869
rs281377 53898415 53939413 40998
rs8108136 53939505 53939598 93
rs8111399 53939775 53975823 36048
rs11666740 53976679 53976741 62
rs492734 53977807 53989606 11799
rs557106 53991345 53992417 1072
rs4801775 53995871 54059387 63516
rs653905 54059551 54060655 1104
rs609985 54062460 54108748 46288
rs8112042 54109470 54111079 1609
rs2287833 54113540 54130245 16705
rs2270940 54134547 54134745 198
rs10423255 54137586 54146058 8472
rs7258938 54146605 54147737 1132
rs11667229 54147813 54194337 46524
rs12608779 54195133 54196655 1522
rs3764621 54198142 54308942 110800
rs4802562 54309050 54376171 67121
rs4802585 54379271 54380176 905
rs909010 54383634 54416854 33220
rs3848549 54419808 54420705 897
rs12610107 54426874 54429893 3019
rs1175817 54430077 54430167 90
rs1175819 54430196 54492981 62785
rs171342 54493318 54640025 146707
rs4801799 54640424 54641401 977
rs7462 54641464 54754292 112828
rs10409856 54754852 54778618 23766
rs880986 54779986 54783610 3624
rs2288921 54783814 54841081 57267
rs7258381 54844853 54845144 291
rs12976076 54846220 54993357 147137
rs7251269 54993465 54996148 2683
rs10421561 54996204 55104229 108025
rs3745489 55104462 55106529 2067
rs1290739 55107206 55148582 41376
rs12165127 55149363 55151043 1680
rs9676983 55152726 55164228 11502
rs283508 55167929 55169202 1273
rs8113150 55250427 55442231 191804
rs1947424 55442309 55442419 110
rs662382 55442757 55459252 16495
rs8112504 55462998 55476216 13218
rs788329 55476323 55477198 875
rs605839 55477249 55488772 11523
rs3745511 55488860 55489948 1088
rs11881505 55490648 55491344 696
rs4802692 55491793 55493506 1713
rs678049 55493863 55498204 4341
rs7251148 55500561 55503780 3219
rs889002 55504033 55507855 3822
rs9917109 55510692 55512269 1577
rs1559133 55512607 55514220 1613
rs10853813 55516565 55517064 499
rs11880103 55519512 55657084 137572
rs17403009 55659452 55659780 328
rs1274604 55661137 55750900 89763
rs9304702 55752116 55753728 1612
rs2098683 55755491 55760027 4536
rs10419078 55765344 55765391 47
rs7255690 55765451 55780954 15503
rs12462682 55781322 55781420 98
rs6509486 55781590 55804051 22461
rs9676278 55805057 55827269 22212
rs10404260 55828621 55828656 35
rs7359910 55829104 55852900 23796
rs8101316 55858263 55858503 240
rs10420105 55860372 55892278 31906
rs12461427 55897128 55897865 737
rs11671478 55898507 55901761 3254
rs4801850 55902305 55902580 275
rs890865 55905714 55953763 48049
rs4802739 55955108 55955244 136
rs7248759 55955322 55960249 4927
rs12609279 55960302 56130289 169987
rs7255117 56130821 56131021 200
rs8104441 56133619 56215709 82090
rs1048344 56217515 56217900 385
rs1048328 56219176 56226942 7766
rs12971366 56228831 56229494 663
rs8104554 56229928 56241339 11411
rs8105944 56242667 56243624 957
rs885146 56245884 56247397 1513
rs2569472 56247457 56249565 2108
rs2691243 56250021 56250669 648
rs2736436 56250926 56265413 14487
rs7351079 56265850 56266406 556
rs1404316 56267093 56267236 143
rs2569482 56267392 56275748 8356
rs17658926 56276222 56276410 188
rs2569489 56276555 56279455 2900
rs2091181 56284376 56286355 1979
rs2691269 56286994 56287184 190
rs2691272 56287395 56325472 38077
rs1710380 56331447 56331496 49
rs1710378 56331792 56332850 1058
rs2455066 56333487 56334596 1109
rs2459143 56334873 56442028 107155
rs11084062 56442050 56442691 641
rs273647 56443670 56599600 155930
rs12461704 56599818 56600048 230
rs11671843 56600970 56626367 25397
rs12461904 56628479 56629676 1197
rs36513 56632016 56669284 37268
rs8101777 56669703 56671923 2220
rs11878388 56673565 56681066 7501
rs12327808 56683053 56692484 9431
rs2864097 56692716 56693297 581
rs16982740 56693922 56703104 9182
rs9676272 56703141 56703410 269
rs9304718 56703742 56718262 14520
rs10410468 56718412 56718613 201
rs1973096 56718647 56746334 27687
rs4308054 56746413 56746638 225
rs736575 56746744 56805350 58606
rs3829657 56807020 56807457 437
rs10422932 56807761 56849658 41897
rs17717333 56850014 56850091 77
rs7250849 56850128 56935739 85611
rs8104633 56937927 56937969 42
rs7250851 56938133 56941754 3621
rs2070745 56941759 56942028 269
rs7253284 56942573 56945519 2946
rs17803207 56945918 56952115 6197
rs8111423 56952166 56954974 2808
rs4801893 56957884 56958918 1034
rs10853843 56959373 56959398 25
rs17694990 56959515 56987752 28237
rs1978242 56988665 56989937 1272
rs12609373 56990093 56990137 44
rs11084120 56990302 57003903 13601
rs4801896 57004278 57005825 1547
rs10422101 57011927 57174323 162396
rs11671547 57177705 57178115 410
rs8102072 57180523 57183062 2539
rs17779168 57184490 57185119 629
rs1715 57186590 57201116 14526
rs6509611 57202018 57203029 1011
rs11084130 57204508 57321597 117089
rs17779542 57322725 57323227 502
rs12462872 57324714 57345225 20511
rs10401282 57346645 57347711 1066
rs8113504 57350322 57416340 66018
rs3745097 57416638 57418158 1520
rs9917069 57418276 57523653 105377
rs2115076 57524617 57524642 25
rs321932 57524954 57544335 19381
rs3745098 57547115 57548767 1652
rs2251559 57549211 57572578 23367
rs162129 57573003 57574332 1329
rs7248503 57574805 57601115 26310
rs2245620 57601270 57601293 23
rs2290747 57601319 57617596 16277
rs4802933 57617632 57617644 12
rs9630874 57619851 57629151 9300
rs2434459 57629943 57630173 230
rs2608488 57631366 57755948 124582
rs12985487 57757473 57757626 153
rs12327639 57758669 57762429 3760
rs329967 57762967 57765417 2450
rs3826655 57767546 57791221 23675
rs4801920 57791420 57791449 29
rs4801922 57791465 57807597 16132
rs13103 57807655 57807872 217
rs11545619 57808455 57959291 150836
rs11667063 57959318 57960622 1304
rs1820128 57962196 57975998 13802
rs4802995 57976532 57979913 3381
rs10407941 57979948 57992529 12581
rs9917029 57992796 57993489 693
rs10407516 57994265 58050701 56436
rs7258677 58054517 58054842 325
rs10410884 58055950 58140786 84836
rs2011866 58141282 58143103 1821
rs1044467 58144581 58162603 18022
rs12608895 58162854 58163209 355
rs1056129 58163696 58164369 673
rs1661960 58165202 58166133 931
rs10164358 58166201 58268401 102200
rs8105668 58269231 58270465 1234
rs11666520 58271866 58272994 1128
rs4801950 58273943 58274061 118
rs4801951 58274248 58319694 45446
rs12462064 58320465 58323106 2641
rs9676682 58323661 58326739 3078
rs2560949 58327003 58327374 371
rs3745182 58327590 58327828 238
rs1661931 58328016 58328927 911
rs10408257 58330112 58332621 2509
rs1661933 58333714 58398131 64417
rs12610332 58398796 58399857 1061
rs4358051 58400113 58430797 30684
rs17272966 58431770 58432880 1110
rs12984473 58433000 58460209 27209
rs1978611 58460745 58461147 402
rs16984664 58461673 58558218 96545
rs10401685 58560386 58560628 242
rs7249464 58560771 58567828 7057
rs12978545 58567920 58567932 12
rs8110329 58567963 58597784 29821
rs4803104 58600730 58602330 1600
rs2061772 58602417 58632499 30082
rs2617751 58633759 58633845 86
rs11882280 58634004 58685482 51478
rs12460628 58685800 58685873 73
rs10421308 58685990 58686614 624
rs2708845 58686816 58687503 687
rs2708843 58687562 58703196 15634
rs1284532 58703701 58704092 391
rs37404 58705990 58714945 8955
rs12460056 58715011 58715491 480
rs17207142 58715890 58830971 115081
rs1293703 58834663 58835940 1277
rs1293700 58837765 58859082 21317
rs11671149 58862280 58862726 446
rs7254488 58863169 58869085 5916
rs11672183 58872014 58872038 24
rs11673026 58878160 58896953 18793
rs1865046 58897046 58897202 156
rs1865045 58897215 58901412 4197
rs7255365 58902331 58903715 1384
rs2865851 58907560 58913626 6066
rs10451450 58914311 58914636 325
rs2217653 58914976 58926165 11189
rs1808656 58926969 58930077 3108
rs4803169 58930687 58943577 12890
rs4803178 58943849 58944583 734
rs186260 58945024 58946998 1974
rs3902015 58948744 58989927 41183
rs9304757 58990141 58990388 247
rs2042295 58990787 59002773 11986
rs889163 59003917 59003942 25
rs889164 59004018 59019380 15362
rs10405343 59021861 59022044 183
rs11671984 59023483 59040178 16695
rs2619214 59043771 59049576 5805
rs8103771 59059409 59060705 1296
rs851888 59061695 59122266 60571
rs11878492 59122281 59123034 753
rs7252013 59123073 59123099 26
rs7251133 59123128 59125021 1893
rs10411229 59125938 59132222 6284
rs307917 59132463 59151865 19402
rs4806674 59153350 59156210 2860
rs4806675 59160855 59190388 29533
rs158196 59192424 59194598 2174
rs158199 59194603 59202529 7926
rs460323 59203727 59204794 1067
rs2291068 59207373 59244676 37303
rs10500316 59245509 59245912 403
rs4442925 59246762 59262591 15829
rs11669663 59264043 59266559 2516
rs4806706 59271175 59388300 117125
rs7595 59388891 59389526 635
rs28513 59391198 59396532 5334
rs3810231 59396580 59396809 229
rs2304525 59396994 59428047 31053
rs4341862 59428111 59428132 21
rs4427928 59428199 59451383 23184
rs11879136 59452503 59454220 1717
rs595872 59455781 59457974 2193
rs402071 59459691 59461017 1326
rs11667529 59461132 59462639 1507
rs1889417 59464247 59466251 2004
rs11670986 59466305 59483891 17586
rs6509860 59484170 59484573 403
rs398217 59484850 59518852 34002
rs3859532 59519060 59533544 14484
rs1205319 59535303 59535387 84
rs885733 59535859 59536193 334
rs1205322 59536249 59536292 43
rs16985578 59536438 59543139 6701
rs10426462 59543734 59544316 582
rs2004431 59544422 59552225 7803
rs7254533 59553571 59554712 1141
rs2287825 59554784 59565647 10863
rs4614851 59566410 59566906 496
rs10414662 59567135 59568721 1586
rs7250269 59569794 59570003 209
rs1985841 59571787 59588689 16902
rs8112812 59593585 59594197 612
rs725484 59594879 59595228 349
rs11666945 59599798 59602328 2530
rs4494662 59605350 59624545 19195
rs12104147 59627317 59627504 187
rs3786637 59627649 59643220 15571
rs10425451 59644325 59645253 928
rs10401901 59648066 59654391 6325
rs1035453 59654506 59655364 858
rs4806762 59656420 59682713 26293
rs2008238 59684483 59684644 161
rs7246550 59686982 59724310 37328
rs2885683 59724360 59724990 630
rs8107209 59725311 59752441 27130
rs890526 59753403 59756226 2823
rs10403495 59757518 59833311 75793
rs2296368 59834435 59834742 307
rs1061680 59835264 59865685 30421
rs1654668 59866025 59866821 796
rs3745871 59867552 59867795 243
rs731170 59868074 59869847 1773
rs1617582 59869952 59869974 22
rs11574583 59870590 59916597 46007
rs17273309 59916651 59916697 46
rs12982080 59916767 59917647 880
rs1325158 59918214 59919691 1477
rs4806527 59920760 60007252 86492
rs10500318 60012591 60014188 1597
rs631717 60014787 60074863 60076
rs17771979 60075719 60075753 34
rs11084374 60076609 60185969 109360
rs3745905 60186444 60186552 108
rs11672113 60186693 60194422 7729
rs1654498 60195599 60196778 1179
rs1654502 60197020 60244635 47615
rs1671215 60244831 60245180 349
rs1654439 60245459 60306735 61276
rs1869615 60309220 60311272 2052
rs604216 60315618 60360617 44999
rs10422978 60361684 60363186 1502
rs2365725 60364282 60370860 6578
rs6509930 60372284 60401886 29602
rs17782295 60402160 60403355 1195
rs2288515 60405347 60412720 7373
rs876515 60413053 60414653 1600
rs10423297 60414734 60506693 91959
rs12972487 60509349 60509426 77
rs1172822 60511657 60546201 34544
rs2305785 60551038 60551251 213
rs11084396 60557339 60695892 138553
rs889090 60696713 60700410 3697
rs7254234 60701027 60712451 11424
rs7359882 60714424 60714746 322
rs542186 60717121 60726873 9752
rs12461779 60727767 60729841 2074
rs531794 60730042 60750549 20507
rs2459744 60754761 60757975 3214
rs310432 60758662 60759578 916
rs167461 60760095 60769084 8989
rs10425186 60769117 60770176 1059
rs6509945 60770534 60771670 1136
rs10420682 60771690 60773877 2187
rs2292812 60781165 60845680 64515
rs11671023 60846357 60846530 173
rs11084406 60848259 60974624 126365
rs7245975 60975492 60979903 4411
rs17708417 60980753 61009743 28990
rs11878967 61009759 61010000 241
rs4500859 61010443 61017002 6559
rs299176 61017434 61017794 360
rs8101041 61017870 61049718 31848
rs12608835 61050169 61050379 210
rs7258704 61052475 61056022 3547
rs436488 61056102 61056395 293
rs442189 61056496 61060487 3991
rs381809 61060577 61060624 47
rs11673189 61060675 61064425 3750
rs4801635 61064517 61065274 757
rs10853882 61066433 61067281 848
rs8104693 61067654 61067752 98
rs1841955 61068386 61105395 37009
rs302836 61105501 61106503 1002
rs302838 61106668 61111302 4634
rs1318880 61111380 61111721 341
rs4629084 61111969 61142861 30892
rs10418836 61142893 61143956 1063
rs387114 61144642 61181268 36626
rs306477 61181585 61181705 120
rs306475 61182590 61182922 332
rs306473 61183480 61185044 1564
rs306468 61187205 61189982 2777
rs2060541 61190222 61190605 383
rs306457 61191091 61356351 165260
rs581486 61360248 61360927 679
rs679557 61361570 61384165 22595
rs274173 61384255 61385432 1177
rs200728 61385615 61391056 5441
rs4801295 61393979 61394135 156
rs527025 61395060 61431417 36357
rs10403183 61432998 61433620 622
rs10422152 61433798 61450792 16994
rs7247990 61451561 61453394 1833
rs11668577 61453596 61466373 12777
rs4801696 61470853 61471921 1068
rs11084440 61474777 61667198 192421
rs11672698 61667751 61667994 243
rs10421407 61668390 61670467 2077
rs10423274 61671689 61672601 912
rs3760848 61673194 61763527 90333
rs4801336 61763564 61764233 669
rs17273491 61764245 61853741 89496
rs10403522 61853913 61854100 187
rs8104824 61854651 61893534 38883
rs10420802 61894736 61894917 181
rs8110561 61895547 61902598 7051
rs7259910 61902755 61903323 568
rs11665834 61905093 61957745 52652
rs6510019 61959614 61961928 2314
rs1476830 61962190 62092023 129833
rs4801395 62096739 62098641 1902
rs12462686 62099162 62125683 26521
rs12971478 62126378 62126434 56
rs10413094 62126514 62140101 13587
rs2870479 62141105 62147368 6263
rs7253030 62151253 62241711 90458
rs11881964 62242193 62244085 1892
rs12984455 62244245 62277798 33553
rs3895834 62279121 62279439 318
rs10403926 62280110 62293374 13264
rs7247049 62293657 62294461 804
rs1565944 62294587 62301306 6719
rs12608606 62301604 62302753 1149
rs2887658 62304065 62305011 946
rs7256254 62305410 62381990 76580
rs11669571 62385393 62385750 357
rs999135 62388197 62426660 38463
rs10408146 62427628 62427892 264
rs8111990 62429847 62447838 17991
rs10426183 62447883 62447941 58
rs10426703 62448300 62488490 40190
rs7251233 62488531 62489475 944
rs7247638 62491240 62528050 36810
rs2190690 62528254 62529130 876
rs8110400 62529738 62555432 25694
rs12709968 62555725 62555749 24
rs11668232 62556300 62672421 116121
rs4801488 62672813 62674795 1982
rs2360764 62674890 62785288 110398
rs11880137 62787490 62787832 342
rs2074205 62793122 62835861 42739
rs10419856 62836218 62836331 113
rs10420575 62836360 62836373 13
rs9749449 62836527 62903856 67329
rs2188736 62905585 62905764 179
rs11878316 62905781 62923353 17572
rs2239986 62923619 62924820 1201
rs1544358 62926030 63124308 198278
rs12983829 63127369 63127832 463
rs1544929 63127853 63264791 136938
rs1469086 63264895 63265371 476
rs11670035 63265461 63295795 30334
rs1025020 63296809 63298543 1734
rs10421140 63301188 63421645 120457
rs8108371 63422206 63426142 3936
rs922929 63426408 63453397 26989
rs260452 63458686 63483528 24842
rs260498 63484002 63484025 23
rs11671486 63484876 63508341 23465
rs1133822 63509271 63510925 1654
rs8105935 63512900 63619301 106401
rs10423138 63620114 63620121 7
