50080143
50198931
50198929
50198872
31044225
9626737
9626508
9626349
50080149
48696910
41057278
50058548
49487495
49248530
49248521
49248517
48697401
29502191
9630645
49246207
22129792
21326584
13277517
12280941
9695415
9632565
9629914
9629357
9629198
9628642
9627210
9627204
9626958
9626453
9626429
9626096
49237297
20153400
9630803
9627197
9627180
49169782
48843534
29243841
16763390
48843719
48843625
48843532
48843530
34365535
34365532
22256030
9629173
9627246
48696024
48697504
48697258
48697190
48697170
48697148
48697070
48696991
48696977
48696722
48696682
48696638
48696604
48696569
48696557
48696541
48696526
48696391
48696000
39840949
39840945
38371722
38371720
38371718
38018060
34365526
31880044
31540430
30146781
30023513
21426900
19744934
19744931
18071203
17227341
11528013
9635035
9632996
9628880
9628826
9627719
9627244
9626701
9626460
9626440
9625568
48477070
48429537
48429536
48429538
33622203
32188257
29171762
21426907
10445391
42518084
33620701
29366687
9633619
38707890
28492878
25140980
21492611
21449930
21431571
18652414
17059637
12018225
11072108
9790340
9789711
9629730
9629179
9627728
9627034
39163614
32490548
32490546
20153339
9629244
9628429
47842848
47835019
45004654
40254027
21553928
21427633
20428636
20153407
20087054
20087030
19881394
18677787
9633628
47777280
47174744
9627493
9625946
12408699
47566140
33589253
9790357
47270692
47177085
46852402
46402086
46393319
46393313
46393310
46393304
47177088
47177087
40804727
40804720
33235703
29742058
27884824
21389214
18702122
14583260
9790292
9630807
9626732
9626681
9626677
9626649
9626535
9626089
47131155
38505527
38505523
9633804
9628705
9628283
9625875
46852132
46401737
21450891
9625578
38257129
38257124
30043925
22855045
21427641
21426071
19919909
17736952
9634679
9625519
47073736
46402151
46401901
46401626
46395057
40804734
27881469
9626372
29502183
30146811
29570853
29337246
9632386
9626213
37591172
18071198
46393301
32453825
11545722
9629460
9628912
46393298
46393296
46359766
46359760
46359753
46359747
46358648
46309321
45686283
45686008
45655866
45597386
45429984
45429963
31543997
9627990
9625665
42794082
9630816
46359769
30146803
29126650
28916659
28916651
28209379
20806055
20806048
9845214
28972971
28972962
21218463
9632333
9632332
9630696
9630691
9630680
9630671
30271926
29502195
20428539
18450238
24432115
26986743
41189515
38505525
33867953
33867950
28209386
26986741
19549041
9629909
41057583
41057577
22128020
23343512
23343509
10645641
9627252
39840947
21363123
45597171
14993628
14993626
14993624
14993622
14993620
14993618
14993616
14993614
14993612
14993610
45476496
45476493
33300807
27228471
22123916
19718363
9630376
9629466
9629096
9627272
45476498
45445708
45445705
45390216
44965086
41179287
41179217
41057569
37651479
22123917
28867231
19744932
19744929
19744927
9626225
45239034
44965100
44965093
42733078
29251565
29251560
29135257
29126595
28144357
25140187
22681120
20806010
20522117
20428594
13634104
9635576
9628421
9627730
9627020
9626935
9626735
9626465
9626462
9626125
42794075
42495057
42494927
41179361
41057352
41057216
39980679
39980672
38707640
38638403
38505529
33620713
32493264
29565553
28913321
22164589
20373119
19881398
9964314
9635438
9635436
9634221
9632889
9630638
9630635
9629925
9628932
9626670
9626669
9626109
38707888
34303903
39163630
41387225
41227706
41057749
41057738
41057731
41057724
41057717
41057593
41057586
41057345
41057205
41057197
40807285
40806958
40806838
37651481
9628707
9626553
41057066
27151468
41057437
28373214
23217014
23216976
22128013
21427662
21427660
21427658
18450258
13559808
13489275
9626945
9626475
40555938
40549402
39653674
39163648
39163645
39163640
38707974
38707562
38640309
38640276
38639923
38639896
38639801
38638196
38229112
38018022
37674199
37595891
34610128
34610114
34419235
34365529
34097943
33770508
33620426
33438963
33438961
33438959
33438957
33438897
33438708
33354433
33300811
33300809
33300805
33300803
33300801
33300799
33300797
33235697
33112010
32698539
32493271
32490550
32469477
32469420
32453484
32171002
32170834
32140175
32140173
32128412
31711695
31543992
31442404
31442397
31072008
30984428
30844336
30840968
30840962
30793779
30518360
30466244
30466241
30466238
30466236
30466234
30466232
30466230
30466228
30466226
30466223
30466221
30466219
30466217
30466215
30466213
30466210
30410839
30410836
30410833
30410830
30387453
30387379
30090015
30089981
30065704
30039743
30018262
30018252
30018236
29789895
29789859
29789851
29711070
29566975
29566737
29566511
29566407
29566284
29566193
29566108
29566021
29565879
29565766
29565743
29565721
29468603
29366744
29366701
29366675
29165635
28867239
28867236
28376615
28173057
27905018
27819377
27754751
27573297
27531777
27375003
27311175
27311166
27228718
24943167
24943162
24943089
24371534
24323599
12657941
9629378
9626719
9626243
38505533
38371723
38371707
38349471
38147321
38147319
38147317
38147315
38147312
38147310
38147308
38147306
38147304
38147302
38147300
37059720
32563515
32141421
32140171
32140169
32140167
32140165
32140163
32140160
32140158
31343652
30315794
30315639
30315616
30315610
30248019
30146796
30146791
30146774
30089861
30027774
30018273
30018268
30018258
30018246
29742052
29742044
29742037
29726996
29501756
29337275
29337269
29337266
29337260
29337258
29337256
29294597
29294566
29294559
29294552
29294545
29294538
29251557
29243888
29243881
29243874
29243866
29243860
29243853
29243846
29243836
29135250
29135243
29134936
29028717
29028667
29028617
29028563
28976184
28976177
28872853
28872846
28380571
28212283
27881465
27881463
27597000
27596997
27596995
27596993
27596991
27596989
27596987
27596985
27151463
27057675
26553442
26114633
25140197
25140194
25140191
24817634
24817632
24817630
24432113
23578028
23577820
23505445
23464594
23464593
23455848
23455841
23455823
23455771
23455719
23395818
23343515
23334621
23334616
23334611
23334606
23334597
23334594
23334591
23334588
23334585
23309040
23309036
23309034
23309032
23309030
23309028
23309026
23309024
23309022
23307908
23307904
23307902
23307899
23307897
23307895
23307893
23307891
23307889
23307885
23307882
23307880
23307878
23307876
23307874
23307872
23307870
23307868
23238161
23238159
23238157
23238155
23238153
23238151
23238149
23238147
23238145
23238143
23238141
23238139
23238137
23238135
23238133
23238131
23238129
23238127
23238125
23238123
23238121
23238119
23238117
23238115
23217032
23216986
23096165
22960720
22960718
22960716
22960714
22960712
22960710
22960708
22960706
22960704
22960702
22960700
22855221
22855216
22855209
22855204
22855198
22855193
22855191
22855189
22855187
22855185
22855169
22855166
22855148
22854993
22789222
22788711
22788704
22788702
22788700
22788698
22726208
22711883
22681117
22681055
22681027
22550381
22550379
22550377
22550322
22550317
22550315
22549402
22417460
22417458
22417456
22417454
22296522
22256027
22256025
22256023
22138122
22138114
22128617
22128611
22128608
22128602
22128597
22128594
22122273
22122227
22094066
22091104
22003842
21911441
21844535
21728357
21716072
21699776
21686950
21686665
21644716
21594412
21557568
21557564
21557557
21493011
21493006
21450043
21450040
21427656
21427654
21427645
21427637
21427635
21426914
21426912
21426909
21397174
21389216
21363127
21363125
21335364
21328570
21326571
21326229
21326227
21326225
21326223
21321727
21321708
21263121
21238454
21218488
21218484
21218477
21218470
21165973
20889398
20889389
20889381
20889374
20889365
20889358
20889342
20889333
20889329
20889325
20889306
20889302
20889296
20806526
20806520
20806077
20806070
20806045
20806034
20806029
20806024
20806021
20806015
20806004
20564218
20564215
20564213
20564204
20564201
20564194
20564191
20564188
20564186
20564183
20564177
20564174
20564172
20564169
20564167
20564164
20564162
20564160
20564157
20564151
20564145
20564140
20564135
20530238
20530236
20530234
20530232
20530230
20530228
20530226
20530224
20522153
20522146
20522144
20522142
20522139
20522136
20522134
20522132
20522130
20522126
20522122
20522115
20522113
20522110
20522103
20522096
20514675
20514402
20514400
20514394
20451032
20451028
20451026
20451024
20451021
20451018
20451012
20451010
20451008
20451006
20429233
20428628
20428623
20428615
20428612
20428610
20428608
20428606
20428604
20428602
20428600
20428598
20428596
20428591
20428589
20428586
20428583
20428578
20428571
20428567
20428565
20428563
20428561
20428559
20428557
20428555
20428553
20428551
20428549
20428547
20428545
20428543
20387441
20386798
20386796
20386794
20386792
20386790
20386788
20386786
20386784
20386782
20386779
20386776
20386773
20386771
20376947
20373121
20340272
20330569
20330564
20330558
20279567
20279565
20279563
20279561
20279559
20279556
20279554
20279552
20279550
20279548
20279546
20279544
20279542
20279540
20279537
20279530
20279503
20260800
20260798
20260796
20260793
20260786
20260781
20260779
20219026
20198945
20198505
20178632
20178630
20178627
20178625
20178623
20178616
20178610
20178608
20178606
20178603
20178598
20178595
20178349
20177491
20177488
20177486
20177484
20177479
20177477
20177475
20177473
20177471
20177469
20177467
20177465
20177463
20177461
20177459
20177457
20177455
20177452
20177450
20177448
20177446
20177444
20177442
20177440
20177438
20177436
20177431
20177429
20177424
20177417
20162543
20162536
20153415
20153413
20153411
20153395
20153387
20153383
20153377
20153373
20153370
20153367
20153365
20153359
20153353
20153349
20153346
20153343
20153341
20153336
20153333
20143469
20143467
20143465
20143463
20143461
20143459
20143457
20143455
20143453
20143451
20143449
20143446
20143444
20143442
20143439
20143432
20143424
20095237
20087062
20087059
20087056
20087046
20087044
20087041
20087039
20087034
20087033
20087032
20087024
20069879
20069874
20069869
20066014
20065963
20065797
19919965
19919963
19919961
19919953
19919949
19919944
19919941
19919939
19919937
19919934
19919930
19919927
19919921
19919919
19919917
19919915
19919907
19919902
19919896
19919889
19909349
19881405
19881396
19774242
19747285
19744949
19744946
19744944
19744936
19744922
19744919
19744917
19744914
19744912
19744910
19718349
19697302
19697300
19697298
19551002
19550999
19549043
19548987
19525721
19387576
19387568
19352426
19352423
19073908
19073904
18959285
18875445
18875309
18845965
18767698
18702397
18653809
18652418
18652416
18640469
18640237
18640086
18496886
18490052
18450268
18450263
18450262
18450251
18450244
18450236
18314284
18254496
18249864
18249855
18138525
18138516
18138512
18138397
18138257
18071213
18071209
18034800
17981815
17975161
17975105
17974913
17736965
17736958
17570786
17426228
17313217
17158105
17158068
17017957
17017954
17017952
16798783
16767845
16753087
16519569
16507269
16507262
16156223
15808067
15808065
15789195
15741225
15617474
15426406
15426271
15426259
15320794
15320657
15320570
15150434
15148076
15081567
15081544
15078713
15029533
15011550
14993649
14993647
14993645
14993643
14993641
14993639
14993637
14993635
14993633
14993631
14780876
14717380
14717378
14717141
14717136
14647158
14602460
14602241
14575752
14485273
14336454
14329171
14327711
14251190
14251125
14250967
14142010
14141972
14010734
13786531
13559823
13559817
13487887
13487858
13487801
13399293
13357204
13249663
13249660
13242472
13242399
13128941
13095891
13095862
13095805
13095743
13095680
13095658
13095578
12657854
12597485
12248100
12175745
12085135
12084983
12084981
12084824
12018227
11693124
11462417
11344952
11125722
11072110
11068003
11067737
11038431
9964607
9910036
9845468
9791176
9790355
9790346
9790328
9790313
9790308
9790297
9695413
9635795
9635790
9635677
9635581
9635572
9635564
9635489
9635478
9635467
9635461
9635457
9635453
9635449
9635444
9635440
9635250
9635246
9635237
9635234
9635231
9635228
9635165
9635147
9635142
9635132
9634983
9634977
9634968
9634957
9634948
9634944
9634672
9634626
9634614
9634605
9634216
9634155
9634119
9634116
9634109
9634055
9634052
9633990
9633809
9633630
9633622
9633613
9633605
9633550
9633494
9633484
9633477
9633396
9633173
9633069
9633000
9632989
9632978
9632937
9632893
9632881
9632857
9632557
9632550
9632547
9632466
9632407
9632405
9632391
9632388
9632374
9632368
9632365
9632361
9632357
9632353
9632350
9632348
9632346
9632343
9632338
9632336
9632334
9632287
9632272
9632270
9631294
9631282
9631279
9631267
9631195
9631135
9630966
9630963
9630960
9630778
9630761
9630747
9630737
9630733
9630729
9630726
9630710
9630707
9630704
9630699
9630688
9630683
9630666
9630663
9630660
9630658
9630656
9630653
9630643
9630640
9630630
9630566
9630525
9630464
9630386
9630378
9630370
9630327
9630322
9630317
9630315
9630311
9630125
9630091
9629935
9629930
9629902
9629900
9629897
9629894
9629892
9629720
9629718
9629708
9629653
9629650
9629644
9629641
9629636
9629553
9629524
9629518
9629514
9629508
9629506
9629498
9629496
9629456
9629367
9629352
9629345
9629267
9629258
9629255
9629251
9629249
9629246
9629210
9629189
9629183
9629178
9629167
9629160
9629156
9629143
9629127
9628921
9628918
9628907
9628900
9628892
9628874
9628835
9628827
9628718
9628660
9628654
9628649
9628600
9628596
9628590
9628582
9628574
9628566
9628558
9628550
9628542
9628534
9628526
9628518
9628510
9628502
9628494
9628486
9628478
9628470
9628290
9628278
9628265
9628113
9628107
9628101
9628091
9628082
9628002
9627994
9627983
9627980
9627962
9627957
9627952
9627950
9627947
9627734
9627521
9627507
9627486
9627425
9627420
9627404
9627396
9627389
9627383
9627377
9627370
9627363
9627356
9627349
9627341
9627334
9627327
9627320
9627312
9627305
9627298
9627291
9627284
9627277
9627265
9627257
9627242
9627229
9627219
9627196
9627190
9627186
9627174
9627165
9627156
9627155
9627154
9627145
9627136
9627127
9627118
9627109
9627100
9627090
9627074
9627065
9627056
9627045
9627014
9627010
9627007
9627001
9626993
9626988
9626986
9626984
9626971
9626965
9626962
9626955
9626953
9626938
9626933
9626931
9626928
9626926
9626924
9626920
9626914
9626821
9626818
9626726
9626714
9626708
9626694
9626692
9626687
9626671
9626665
9626658
9626651
9626621
9626613
9626605
9626597
9626591
9626546
9626530
9626526
9626510
9626498
9626489
9626482
9626472
9626436
9626433
9626425
9626412
9626384
9626337
9626316
9626311
9626219
9626209
9626205
9626201
9626196
9626158
9626156
9626154
9626152
9626146
9626133
9626131
9626127
9626123
9626100
9626081
9626078
9626069
9626063
9626053
9626041
9626033
9626032
9625955
9625564
9625557
9625551
8486164
8486161
8486159
8486156
8486154
8486152
8486150
8486148
8486138
8486136
8486134
8486131
8486129
8486127
8486125
8486122
6446580
32479528
32470626
32453808
31415816
31415740
30315603
28876437
28876381
28876316
28876263
28876202
28876145
23455713
23334602
23307906
22960697
21557572
21556070
21427664
21165975
20889313
20564212
20564211
20564155
20451015
20260783
20178589
20177434
20087064
20070095
19919905
19881389
19749338
19744938
17426217
9635243
9635240
9632383
9632377
9629818
9629812
9629732
9628462
9628454
9628445
9628437
9628431
9628412
9627904
9627899
9627742
9627732
9627721
9626232
9626103
9625433
9625391
9625381
9625366
9625355
38488690
38488688
10834856
38488686
10937870
10518487
10518476
10518470
10314012
10314009
10314005
10313991
10257473
10181072
10140926
10086561
38639880
34365538
38371712
11119632
22711868
38639784
38229169
38505531
38371727
38371725
38371716
38371710
38371703
38371701
29567085
28261417
27531786
27228716
25057978
20026600
20806069
38112525
38112189
38112187
38112181
38112523
38112521
38112519
38112516
38112514
38112512
38043853
37651329
37595910
37595902
37595815
34610126
34610124
34610121
34610112
34610110
34365541
22212887
21450051
21716071
15187162
14329174
29727005
14329173
23334625
21426072
21234419
21071085
20806079
20806076
20806075
20522156
20087066
19744948
13634098
10518490
10518489
10518486
10518485
10518484
10518483
10518482
10518481
10518480
10518479
9627203
